channels:
  - conda-forge
  - defaults
dependencies:
  - _libgcc_mutex=0.1=conda_forge
  - _openmp_mutex=4.5=2_gnu
  - boost=1.74.0=py39h5472131_5
  - boost-cpp=1.74.0=h75c5d50_8
  - bzip2=1.0.8=h7f98852_4
  - c-ares=1.18.1=h7f98852_0
  - ca-certificates=2022.12.7=ha878542_0
  - cgsi-gsoap=1.3.11=h876a3cc_2
  - conda-pack=0.7.1=pyhd8ed1ab_0
  - curl=7.86.0=h7bff187_1
  - cyrus-sasl=2.1.27=h230043b_5
  - davix=0.7.6=hb44b51d_0
  - dcap=2.47.12=hd35416c_3
  - expat=2.5.0=hcb278e6_1
  - gct=6.2.1550507116=h812cca2_2
  - gettext=0.21.1=h27087fc_0
  - gfal2=2.19.2=h13c04c2_0
  - gfal2-util=1.8.0=pyhd8ed1ab_0
  - git=2.39.1=pl5321ha3eba64_0
  - git-lfs=3.3.0=ha770c72_0
  - glib=2.68.4=h9c3ff4c_1
  - glib-tools=2.68.4=h9c3ff4c_1
  - gsoap=2.8.123=h598caef_0
  - gsoap_abi=2.8.106=1
  - icu=70.1=h27087fc_0
  - json-c=0.15=h98cffda_0
  - keyutils=1.6.1=h166bdaf_0
  - krb5=1.19.3=h3790be6_0
  - ld_impl_linux-64=2.40=h41732ed_0
  - libblas=3.9.0=16_linux64_openblas
  - libcblas=3.9.0=16_linux64_openblas
  - libcurl=7.86.0=h7bff187_1
  - libedit=3.1.20191231=he28a2e2_2
  - libev=4.33=h516909a_1
  - libexpat=2.5.0=hcb278e6_1
  - libffi=3.4.2=h7f98852_5
  - libgcc-ng=12.2.0=h65d4601_19
  - libgfortran-ng=12.2.0=h69a702a_19
  - libgfortran5=12.2.0=h337968e_19
  - libglib=2.68.4=h174f98d_1
  - libgomp=12.2.0=h65d4601_19
  - libiconv=1.17=h166bdaf_0
  - liblapack=3.9.0=16_linux64_openblas
  - libnghttp2=1.51.0=hdcd2b5c_0
  - libnsl=2.0.0=h7f98852_0
  - libntlm=1.4=h7f98852_1002
  - libopenblas=0.3.21=pthreads_h78a6416_3
  - libsqlite=3.40.0=h753d276_0
  - libssh2=1.10.0=haa6b8db_3
  - libstdcxx-ng=12.2.0=h46fd767_19
  - libtool=2.4.7=h27087fc_0
  - libuuid=2.38.1=h0b41bf4_0
  - libxml2=2.10.3=hca2bb57_4
  - libzlib=1.2.13=h166bdaf_4
  - ncurses=6.3=h27087fc_1
  - numpy=1.24.2=py39h7360e5f_0
  - openldap=2.4.59=h43732ee_0
  - openssl=1.1.1t=h0b41bf4_0
  - pcre=8.45=h9c3ff4c_0
  - pcre2=10.40=hc3806b6_0
  - perl=5.32.1=2_h7f98852_perl5
  - pip=23.0.1=pyhd8ed1ab_0
  - pugixml=1.11.4=h9c3ff4c_0
  - python=3.9.15=h47a2c10_0_cpython
  - python-gfal2=1.10.1=py39h4309f8f_0
  - python_abi=3.9=3_cp39
  - readline=8.2=h8228510_1
  - scitokens-cpp=0.7.1=h0255ffa_0
  - setuptools=67.6.1=pyhd8ed1ab_0
  - sqlite=3.40.0=h4ff8645_0
  - srm-ifce=1.24.5=h9da80fa_1
  - tk=8.6.12=h27826a3_0
  - tzdata=2023c=h71feb2d_0
  - voms=2.1.0rc2=h4fe81f9_7
  - wheel=0.40.0=pyhd8ed1ab_0
  - xrootd=5.3.4=py39hf708bbc_0
  - xz=5.2.6=h166bdaf_0
  - yaml=0.2.5=h7f98852_2
  - zlib=1.2.13=h166bdaf_4
  - zstd=1.5.2=h3eb15da_6
  - pip:
      - awkward==2.1.2
      - awkward-cpp==13
      - docutils==0.19
      - lockfile==0.12.2
      - luigi==3.0.3
      - markdown-it-py==2.2.0
      - mdurl==0.1.2
      - packaging==23.0
      - prompt-toolkit==3.0.38
      - pygments==2.15.0
      - python-daemon==3.0.1
      - python-dateutil==2.8.2
      - pyyaml==6.0
      - questionary==1.10.0
      - rich==13.3.3
      - six==1.16.0
      - tenacity==6.3.1
      - tornado==6.2
      - typing-extensions==4.5.0
      - uproot==5.0.6
      - wcwidth==0.2.6
